%YAML:1.0
---
camera intrinsic matrix: !!opencv-matrix
   rows: 3
   cols: 3
   dt: d
   data: [ 1.7065307504136920e+03, 0., 7.1472862711468019e+02, 0.,
       1.7064171967700859e+03, 7.1296250422159073e+02, 0., 0., 1. ]
distortion coefficient: !!opencv-matrix
   rows: 1
   cols: 5
   dt: d
   data: [ 7.5820076907490291e-02, -1.1146616872860380e+00,
       -1.1719212814747128e-04, -6.3312101828352199e-04,
       5.9088347370206575e+00 ]
camera new intrinsic matrix: !!opencv-matrix
   rows: 3
   cols: 3
   dt: d
   data: [ 1.7235015869140625e+03, 0., 7.1408922801792869e+02, 0.,
       1.7234184570312500e+03, 7.1287880382461299e+02, 0., 0., 1. ]
